DFS Search Path
Step: 1
[[6 1 2]
 [7 8 3]
 [5 4 9]]
#############
Step: 2
[[6 2 1]
 [7 8 3]
 [5 4 9]]
#############
Step: 3
[[6 2 3]
 [7 8 1]
 [5 4 9]]
#############
Step: 4
[[6 2 3]
 [7 1 8]
 [5 4 9]]
#############
Step: 5
[[6 2 3]
 [1 7 8]
 [5 4 9]]
#############
Step: 6
[[1 2 3]
 [6 7 8]
 [5 4 9]]
#############
Step: 7
[[1 2 3]
 [6 7 8]
 [5 9 4]]
#############
Step: 8
[[1 2 3]
 [6 7 4]
 [5 9 8]]
#############
Step: 9
[[1 2 3]
 [6 4 7]
 [5 9 8]]
#############
Step: 10
[[1 2 3]
 [4 6 7]
 [5 9 8]]
#############
Step: 11
[[1 2 3]
 [4 6 7]
 [9 5 8]]
#############
Step: 12
[[1 2 3]
 [4 6 7]
 [9 8 5]]
#############
Step: 13
[[1 2 3]
 [4 6 5]
 [9 8 7]]
#############
Step: 14
[[1 2 3]
 [4 5 6]
 [9 8 7]]
#############
Step: 15
[[1 2 3]
 [4 5 6]
 [9 7 8]]
#############
Step: 16
[[1 2 3]
 [4 5 6]
 [7 9 8]]
#############
Step: 17
[[1 2 3]
 [4 5 6]
 [7 8 9]]
#############
