Iterative Deepening Search Path
Step: 1
[[6 1 2]
 [7 8 3]
 [5 4 9]]
#############
Step: 2
[[6 2 1]
 [7 8 3]
 [5 4 9]]
#############
Step: 3
[[6 2 3]
 [7 8 1]
 [5 4 9]]
#############
Step: 4
[[6 2 3]
 [7 1 8]
 [5 4 9]]
#############
Step: 5
[[6 2 3]
 [1 7 8]
 [5 4 9]]
#############
Step: 6
[[1 2 3]
 [6 7 8]
 [5 4 9]]
#############
Step: 7
[[1 2 3]
 [6 7 8]
 [5 9 4]]
#############
Step: 8
[[1 2 3]
 [6 7 8]
 [4 5 9]]
#############
Step: 9
[[1 2 3]
 [6 4 8]
 [5 7 9]]
#############
Step: 10
[[6 2 3]
 [5 7 8]
 [1 4 9]]
#############
Step: 11
[[6 2 3]
 [5 7 8]
 [4 1 9]]
#############
Step: 12
[[6 1 3]
 [7 2 8]
 [5 4 9]]
#############
Step: 13
[[6 3 1]
 [7 2 8]
 [5 4 9]]
#############
Step: 14
[[6 3 8]
 [7 2 1]
 [5 4 9]]
#############
Step: 15
[[6 2 3]
 [7 4 8]
 [5 1 9]]
#############
Step: 16
[[6 2 3]
 [7 4 8]
 [5 9 1]]
#############
Step: 17
[[6 2 3]
 [7 4 1]
 [5 9 8]]
#############
Step: 18
[[6 2 3]
 [7 4 8]
 [1 5 9]]
#############
Step: 19
[[6 2 3]
 [1 4 8]
 [7 5 9]]
#############
Step: 20
[[6 2 3]
 [7 8 9]
 [5 4 1]]
#############
Step: 21
[[6 2 3]
 [7 8 9]
 [5 1 4]]
#############
Step: 22
[[6 2 3]
 [7 8 9]
 [1 5 4]]
#############
Step: 23
[[6 2 3]
 [1 8 9]
 [7 5 4]]
#############
Step: 24
[[6 2 3]
 [7 1 9]
 [5 8 4]]
#############
Step: 25
[[6 2 3]
 [7 9 1]
 [5 8 4]]
#############
Step: 26
[[6 2 3]
 [1 7 9]
 [5 8 4]]
#############
Step: 27
[[6 1 3]
 [7 2 9]
 [5 8 4]]
#############
Step: 28
[[1 6 2]
 [7 8 3]
 [5 4 9]]
#############
Step: 29
[[1 2 6]
 [7 8 3]
 [5 4 9]]
#############
Step: 30
[[1 2 6]
 [7 3 8]
 [5 4 9]]
#############
Step: 31
[[1 2 6]
 [3 7 8]
 [5 4 9]]
#############
Step: 32
[[1 2 6]
 [5 7 8]
 [3 4 9]]
#############
Step: 33
[[1 2 6]
 [5 7 8]
 [4 3 9]]
#############
Step: 34
[[1 3 6]
 [7 2 8]
 [5 4 9]]
#############
Step: 35
[[1 3 6]
 [7 8 2]
 [5 4 9]]
#############
Step: 36
[[1 3 2]
 [7 8 6]
 [5 4 9]]
#############
Step: 37
[[1 3 6]
 [7 8 9]
 [5 4 2]]
#############
Step: 38
[[1 3 6]
 [2 7 8]
 [5 4 9]]
#############
Step: 39
[[1 3 6]
 [5 7 8]
 [2 4 9]]
#############
Step: 40
[[1 3 6]
 [7 4 8]
 [5 2 9]]
#############
Step: 41
[[1 3 6]
 [7 4 8]
 [5 9 2]]
#############
Step: 42
[[1 3 6]
 [7 4 8]
 [2 5 9]]
#############
Step: 43
[[1 2 6]
 [7 4 8]
 [5 3 9]]
#############
Step: 44
[[1 2 6]
 [7 4 8]
 [5 9 3]]
#############
Step: 45
[[1 2 6]
 [7 4 3]
 [5 9 8]]
#############
Step: 46
[[1 2 6]
 [7 4 8]
 [3 5 9]]
#############
Step: 47
[[1 2 6]
 [3 4 8]
 [7 5 9]]
#############
Step: 48
[[1 2 3]
 [7 8 6]
 [5 4 9]]
#############
Step: 49
[[1 2 3]
 [7 8 6]
 [5 9 4]]
#############
Step: 50
[[1 2 3]
 [7 8 4]
 [5 9 6]]
#############
Step: 51
[[1 2 3]
 [7 4 8]
 [5 9 6]]
#############
Step: 52
[[1 2 4]
 [7 8 3]
 [5 9 6]]
#############
Step: 53
[[1 2 3]
 [7 8 6]
 [4 5 9]]
#############
Step: 54
[[1 2 3]
 [4 8 6]
 [7 5 9]]
#############
Step: 55
[[1 2 3]
 [4 8 6]
 [7 9 5]]
#############
Step: 56
[[1 2 3]
 [4 8 6]
 [5 7 9]]
#############
