DFS Search Path
Step: 1
[[12 10 11  9]
 [ 5  6  7  8]
 [ 4  3  2  1]
 [16 14 15 13]]
#############
Step: 2
[[12 10 11  9]
 [ 5  6  7  8]
 [ 4  3  1  2]
 [16 14 15 13]]
#############
Step: 3
[[12 10 11  9]
 [ 5  6  7  8]
 [ 4  1  3  2]
 [16 14 15 13]]
#############
Step: 4
[[12 10 11  9]
 [ 5  6  7  8]
 [ 1  4  3  2]
 [16 14 15 13]]
#############
Step: 5
[[12 10 11  9]
 [ 1  6  7  8]
 [ 5  4  3  2]
 [16 14 15 13]]
#############
Step: 6
[[12 10 11  9]
 [ 6  1  7  8]
 [ 5  4  3  2]
 [16 14 15 13]]
#############
Step: 7
[[12 10 11  9]
 [ 6  7  1  8]
 [ 5  4  3  2]
 [16 14 15 13]]
#############
Step: 8
[[12 10 11  9]
 [ 6  7  8  1]
 [ 5  4  3  2]
 [16 14 15 13]]
#############
Step: 9
[[12 10 11  1]
 [ 6  7  8  9]
 [ 5  4  3  2]
 [16 14 15 13]]
#############
Step: 10
[[12 10  1 11]
 [ 6  7  8  9]
 [ 5  4  3  2]
 [16 14 15 13]]
#############
Step: 11
[[12  1 10 11]
 [ 6  7  8  9]
 [ 5  4  3  2]
 [16 14 15 13]]
#############
Step: 12
[[ 1 12 10 11]
 [ 6  7  8  9]
 [ 5  4  3  2]
 [16 14 15 13]]
#############
Step: 13
[[ 1 12 10 11]
 [ 6  7  8  9]
 [ 5  4  2  3]
 [16 14 15 13]]
#############
Step: 14
[[ 1 12 10 11]
 [ 6  7  8  9]
 [ 5  2  4  3]
 [16 14 15 13]]
#############
Step: 15
[[ 1 12 10 11]
 [ 6  7  8  9]
 [ 2  5  4  3]
 [16 14 15 13]]
#############
Step: 16
[[ 1 12 10 11]
 [ 2  7  8  9]
 [ 6  5  4  3]
 [16 14 15 13]]
#############
Step: 17
[[ 1 12 10 11]
 [ 7  2  8  9]
 [ 6  5  4  3]
 [16 14 15 13]]
#############
Step: 18
[[ 1 12 10 11]
 [ 7  8  2  9]
 [ 6  5  4  3]
 [16 14 15 13]]
#############
Step: 19
[[ 1 12 10 11]
 [ 7  8  9  2]
 [ 6  5  4  3]
 [16 14 15 13]]
#############
Step: 20
[[ 1 12 10  2]
 [ 7  8  9 11]
 [ 6  5  4  3]
 [16 14 15 13]]
#############
Step: 21
[[ 1 12  2 10]
 [ 7  8  9 11]
 [ 6  5  4  3]
 [16 14 15 13]]
#############
Step: 22
[[ 1  2 12 10]
 [ 7  8  9 11]
 [ 6  5  4  3]
 [16 14 15 13]]
#############
Step: 23
[[ 1  2 12 10]
 [ 7  8  9 11]
 [ 6  5  3  4]
 [16 14 15 13]]
#############
Step: 24
[[ 1  2 12 10]
 [ 7  8  9 11]
 [ 6  3  5  4]
 [16 14 15 13]]
#############
Step: 25
[[ 1  2 12 10]
 [ 7  8  9 11]
 [ 3  6  5  4]
 [16 14 15 13]]
#############
Step: 26
[[ 1  2 12 10]
 [ 3  8  9 11]
 [ 7  6  5  4]
 [16 14 15 13]]
#############
Step: 27
[[ 1  2 12 10]
 [ 8  3  9 11]
 [ 7  6  5  4]
 [16 14 15 13]]
#############
Step: 28
[[ 1  2 12 10]
 [ 8  9  3 11]
 [ 7  6  5  4]
 [16 14 15 13]]
#############
Step: 29
[[ 1  2 12 10]
 [ 8  9 11  3]
 [ 7  6  5  4]
 [16 14 15 13]]
#############
Step: 30
[[ 1  2 12  3]
 [ 8  9 11 10]
 [ 7  6  5  4]
 [16 14 15 13]]
#############
Step: 31
[[ 1  2  3 12]
 [ 8  9 11 10]
 [ 7  6  5  4]
 [16 14 15 13]]
#############
Step: 32
[[ 1  2  3 12]
 [ 8  9 11 10]
 [ 7  6  4  5]
 [16 14 15 13]]
#############
Step: 33
[[ 1  2  3 12]
 [ 8  9 11 10]
 [ 7  4  6  5]
 [16 14 15 13]]
#############
Step: 34
[[ 1  2  3 12]
 [ 8  9 11 10]
 [ 4  7  6  5]
 [16 14 15 13]]
#############
Step: 35
[[ 1  2  3 12]
 [ 4  9 11 10]
 [ 8  7  6  5]
 [16 14 15 13]]
#############
Step: 36
[[ 1  2  3 12]
 [ 9  4 11 10]
 [ 8  7  6  5]
 [16 14 15 13]]
#############
Step: 37
[[ 1  2  3 12]
 [ 9 11  4 10]
 [ 8  7  6  5]
 [16 14 15 13]]
#############
Step: 38
[[ 1  2  3 12]
 [ 9 11 10  4]
 [ 8  7  6  5]
 [16 14 15 13]]
#############
Step: 39
[[ 1  2  3  4]
 [ 9 11 10 12]
 [ 8  7  6  5]
 [16 14 15 13]]
#############
Step: 40
[[ 1  2  3  4]
 [ 9 11 10 12]
 [ 8  7  5  6]
 [16 14 15 13]]
#############
Step: 41
[[ 1  2  3  4]
 [ 9 11 10 12]
 [ 8  5  7  6]
 [16 14 15 13]]
#############
Step: 42
[[ 1  2  3  4]
 [ 9 11 10 12]
 [ 5  8  7  6]
 [16 14 15 13]]
#############
Step: 43
[[ 1  2  3  4]
 [ 5 11 10 12]
 [ 9  8  7  6]
 [16 14 15 13]]
#############
Step: 44
[[ 1  2  3  4]
 [ 5 11 10 12]
 [ 9  8  6  7]
 [16 14 15 13]]
#############
Step: 45
[[ 1  2  3  4]
 [ 5 11 10 12]
 [ 9  6  8  7]
 [16 14 15 13]]
#############
Step: 46
[[ 1  2  3  4]
 [ 5 11 10 12]
 [ 6  9  8  7]
 [16 14 15 13]]
#############
Step: 47
[[ 1  2  3  4]
 [ 5 11 10 12]
 [16  9  8  7]
 [ 6 14 15 13]]
#############
Step: 48
[[ 1  2  3  4]
 [ 5 11 10 12]
 [16  9  8  7]
 [14  6 15 13]]
#############
Step: 49
[[ 1  2  3  4]
 [ 5 11 10 12]
 [16  9  8  7]
 [14 15  6 13]]
#############
Step: 50
[[ 1  2  3  4]
 [ 5 11 10 12]
 [16  9  8  7]
 [14 15 13  6]]
#############
Step: 51
[[ 1  2  3  4]
 [ 5 11 10 12]
 [16  9  8  6]
 [14 15 13  7]]
#############
Step: 52
[[ 1  2  3  4]
 [ 5 11 10 12]
 [16  9  6  8]
 [14 15 13  7]]
#############
Step: 53
[[ 1  2  3  4]
 [ 5 11 10 12]
 [16  6  9  8]
 [14 15 13  7]]
#############
Step: 54
[[ 1  2  3  4]
 [ 5 11 10 12]
 [ 6 16  9  8]
 [14 15 13  7]]
#############
Step: 55
[[ 1  2  3  4]
 [ 5 11 10 12]
 [14 16  9  8]
 [ 6 15 13  7]]
#############
Step: 56
[[ 1  2  3  4]
 [ 5 11 10 12]
 [14 16  9  8]
 [15  6 13  7]]
#############
Step: 57
[[ 1  2  3  4]
 [ 5 11 10 12]
 [14 16  9  8]
 [15 13  6  7]]
#############
Step: 58
[[ 1  2  3  4]
 [ 5 11 10 12]
 [14 16  9  8]
 [15 13  7  6]]
#############
Step: 59
[[ 1  2  3  4]
 [ 5 11 10 12]
 [14 16  9  6]
 [15 13  7  8]]
#############
Step: 60
[[ 1  2  3  4]
 [ 5 11 10 12]
 [14 16  6  9]
 [15 13  7  8]]
#############
Step: 61
[[ 1  2  3  4]
 [ 5 11 10 12]
 [14  6 16  9]
 [15 13  7  8]]
#############
Step: 62
[[ 1  2  3  4]
 [ 5 11 10 12]
 [ 6 14 16  9]
 [15 13  7  8]]
#############
Step: 63
[[ 1  2  3  4]
 [ 5 11 10 12]
 [15 14 16  9]
 [ 6 13  7  8]]
#############
Step: 64
[[ 1  2  3  4]
 [ 5 11 10 12]
 [15 14 16  9]
 [13  6  7  8]]
#############
Step: 65
[[ 1  2  3  4]
 [ 5 11 10 12]
 [15 14 16  9]
 [13  7  6  8]]
#############
Step: 66
[[ 1  2  3  4]
 [ 5 11 10 12]
 [15 14 16  9]
 [13  7  8  6]]
#############
Step: 67
[[ 1  2  3  4]
 [ 5 11 10 12]
 [15 14 16  6]
 [13  7  8  9]]
#############
Step: 68
[[ 1  2  3  4]
 [ 5 11 10 12]
 [15 14  6 16]
 [13  7  8  9]]
#############
Step: 69
[[ 1  2  3  4]
 [ 5 11 10 12]
 [15  6 14 16]
 [13  7  8  9]]
#############
Step: 70
[[ 1  2  3  4]
 [ 5 11 10 12]
 [ 6 15 14 16]
 [13  7  8  9]]
#############
Step: 71
[[ 1  2  3  4]
 [ 5 11 10 12]
 [13 15 14 16]
 [ 6  7  8  9]]
#############
Step: 72
[[ 1  2  3  4]
 [ 5 11 10 12]
 [13 15 14 16]
 [ 7  6  8  9]]
#############
Step: 73
[[ 1  2  3  4]
 [ 5 11 10 12]
 [13 15 14 16]
 [ 7  8  6  9]]
#############
Step: 74
[[ 1  2  3  4]
 [ 5 11 10 12]
 [13 15 14 16]
 [ 7  8  9  6]]
#############
Step: 75
[[ 1  2  3  4]
 [ 5 11 10 12]
 [13 15 14  6]
 [ 7  8  9 16]]
#############
Step: 76
[[ 1  2  3  4]
 [ 5 11 10 12]
 [13 15  6 14]
 [ 7  8  9 16]]
#############
Step: 77
[[ 1  2  3  4]
 [ 5 11 10 12]
 [13  6 15 14]
 [ 7  8  9 16]]
#############
Step: 78
[[ 1  2  3  4]
 [ 5 11 10 12]
 [ 6 13 15 14]
 [ 7  8  9 16]]
#############
Step: 79
[[ 1  2  3  4]
 [ 5 11 10 12]
 [ 7 13 15 14]
 [ 6  8  9 16]]
#############
Step: 80
[[ 1  2  3  4]
 [ 5 11 10 12]
 [ 7 13 15 14]
 [ 8  6  9 16]]
#############
Step: 81
[[ 1  2  3  4]
 [ 5 11 10 12]
 [ 7 13 15 14]
 [ 8  9  6 16]]
#############
Step: 82
[[ 1  2  3  4]
 [ 5 11 10 12]
 [ 7 13 15 14]
 [ 8  9 16  6]]
#############
Step: 83
[[ 1  2  3  4]
 [ 5 11 10 12]
 [ 7 13 15  6]
 [ 8  9 16 14]]
#############
Step: 84
[[ 1  2  3  4]
 [ 5 11 10 12]
 [ 7 13  6 15]
 [ 8  9 16 14]]
#############
Step: 85
[[ 1  2  3  4]
 [ 5 11 10 12]
 [ 7  6 13 15]
 [ 8  9 16 14]]
#############
Step: 86
[[ 1  2  3  4]
 [ 5 11 10 12]
 [ 6  7 13 15]
 [ 8  9 16 14]]
#############
Step: 87
[[ 1  2  3  4]
 [ 5 11 10 12]
 [ 8  7 13 15]
 [ 6  9 16 14]]
#############
Step: 88
[[ 1  2  3  4]
 [ 5 11 10 12]
 [ 8  7 13 15]
 [ 9  6 16 14]]
#############
Step: 89
[[ 1  2  3  4]
 [ 5 11 10 12]
 [ 8  7 13 15]
 [ 9 16  6 14]]
#############
Step: 90
[[ 1  2  3  4]
 [ 5 11 10 12]
 [ 8  7 13 15]
 [ 9 16 14  6]]
#############
Step: 91
[[ 1  2  3  4]
 [ 5 11 10 12]
 [ 8  7 13  6]
 [ 9 16 14 15]]
#############
Step: 92
[[ 1  2  3  4]
 [ 5 11 10 12]
 [ 8  7  6 13]
 [ 9 16 14 15]]
#############
Step: 93
[[ 1  2  3  4]
 [ 5 11 10 12]
 [ 8  6  7 13]
 [ 9 16 14 15]]
#############
Step: 94
[[ 1  2  3  4]
 [ 5 11 10 12]
 [ 6  8  7 13]
 [ 9 16 14 15]]
#############
Step: 95
[[ 1  2  3  4]
 [ 5 11 10 12]
 [ 9  8  7 13]
 [ 6 16 14 15]]
#############
Step: 96
[[ 1  2  3  4]
 [ 5 11 10 12]
 [ 9  8  7 13]
 [16  6 14 15]]
#############
Step: 97
[[ 1  2  3  4]
 [ 5 11 10 12]
 [ 9  8  7 13]
 [16 14  6 15]]
#############
Step: 98
[[ 1  2  3  4]
 [ 5 11 10 12]
 [ 9  8  6 13]
 [16 14  7 15]]
#############
Step: 99
[[ 1  2  3  4]
 [ 5 11 10 12]
 [ 9  8 13  6]
 [16 14  7 15]]
#############
Step: 100
[[ 1  2  3  4]
 [ 5 11 10  6]
 [ 9  8 13 12]
 [16 14  7 15]]
#############
Step: 101
[[ 1  2  3  4]
 [ 5 11  6 10]
 [ 9  8 13 12]
 [16 14  7 15]]
#############
Step: 102
[[ 1  2  3  4]
 [ 5  6 11 10]
 [ 9  8 13 12]
 [16 14  7 15]]
#############
Step: 103
[[ 1  2  3  4]
 [ 5  6 11 10]
 [ 9  8 13 12]
 [16 14 15  7]]
#############
Step: 104
[[ 1  2  3  4]
 [ 5  6 11 10]
 [ 9  8 13  7]
 [16 14 15 12]]
#############
Step: 105
[[ 1  2  3  4]
 [ 5  6 11 10]
 [ 9  8  7 13]
 [16 14 15 12]]
#############
Step: 106
[[ 1  2  3  4]
 [ 5  6 11 10]
 [ 9  7  8 13]
 [16 14 15 12]]
#############
Step: 107
[[ 1  2  3  4]
 [ 5  6 11 10]
 [ 7  9  8 13]
 [16 14 15 12]]
#############
Step: 108
[[ 1  2  3  4]
 [ 5  6 11 10]
 [16  9  8 13]
 [ 7 14 15 12]]
#############
Step: 109
[[ 1  2  3  4]
 [ 5  6 11 10]
 [16  9  8 13]
 [14  7 15 12]]
#############
Step: 110
[[ 1  2  3  4]
 [ 5  6 11 10]
 [16  9  8 13]
 [14 15  7 12]]
#############
Step: 111
[[ 1  2  3  4]
 [ 5  6 11 10]
 [16  9  8 13]
 [14 15 12  7]]
#############
Step: 112
[[ 1  2  3  4]
 [ 5  6 11 10]
 [16  9  8  7]
 [14 15 12 13]]
#############
Step: 113
[[ 1  2  3  4]
 [ 5  6 11 10]
 [16  9  7  8]
 [14 15 12 13]]
#############
Step: 114
[[ 1  2  3  4]
 [ 5  6 11 10]
 [16  7  9  8]
 [14 15 12 13]]
#############
Step: 115
[[ 1  2  3  4]
 [ 5  6 11 10]
 [ 7 16  9  8]
 [14 15 12 13]]
#############
Step: 116
[[ 1  2  3  4]
 [ 5  6 11 10]
 [14 16  9  8]
 [ 7 15 12 13]]
#############
Step: 117
[[ 1  2  3  4]
 [ 5  6 11 10]
 [14 16  9  8]
 [15  7 12 13]]
#############
Step: 118
[[ 1  2  3  4]
 [ 5  6 11 10]
 [14 16  9  8]
 [15 12  7 13]]
#############
Step: 119
[[ 1  2  3  4]
 [ 5  6 11 10]
 [14 16  9  8]
 [15 12 13  7]]
#############
Step: 120
[[ 1  2  3  4]
 [ 5  6 11 10]
 [14 16  9  7]
 [15 12 13  8]]
#############
Step: 121
[[ 1  2  3  4]
 [ 5  6 11 10]
 [14 16  7  9]
 [15 12 13  8]]
#############
Step: 122
[[ 1  2  3  4]
 [ 5  6 11 10]
 [14  7 16  9]
 [15 12 13  8]]
#############
Step: 123
[[ 1  2  3  4]
 [ 5  6 11 10]
 [ 7 14 16  9]
 [15 12 13  8]]
#############
Step: 124
[[ 1  2  3  4]
 [ 5  6 11 10]
 [15 14 16  9]
 [ 7 12 13  8]]
#############
Step: 125
[[ 1  2  3  4]
 [ 5  6 11 10]
 [15 14 16  9]
 [12  7 13  8]]
#############
Step: 126
[[ 1  2  3  4]
 [ 5  6 11 10]
 [15 14 16  9]
 [12 13  7  8]]
#############
Step: 127
[[ 1  2  3  4]
 [ 5  6 11 10]
 [15 14 16  9]
 [12 13  8  7]]
#############
Step: 128
[[ 1  2  3  4]
 [ 5  6 11 10]
 [15 14 16  7]
 [12 13  8  9]]
#############
Step: 129
[[ 1  2  3  4]
 [ 5  6 11 10]
 [15 14  7 16]
 [12 13  8  9]]
#############
Step: 130
[[ 1  2  3  4]
 [ 5  6 11 10]
 [15  7 14 16]
 [12 13  8  9]]
#############
Step: 131
[[ 1  2  3  4]
 [ 5  6 11 10]
 [ 7 15 14 16]
 [12 13  8  9]]
#############
Step: 132
[[ 1  2  3  4]
 [ 5  6 11 10]
 [12 15 14 16]
 [ 7 13  8  9]]
#############
Step: 133
[[ 1  2  3  4]
 [ 5  6 11 10]
 [12 15 14 16]
 [13  7  8  9]]
#############
Step: 134
[[ 1  2  3  4]
 [ 5  6 11 10]
 [12 15 14 16]
 [13  8  7  9]]
#############
Step: 135
[[ 1  2  3  4]
 [ 5  6 11 10]
 [12 15 14 16]
 [13  8  9  7]]
#############
Step: 136
[[ 1  2  3  4]
 [ 5  6 11 10]
 [12 15 14  7]
 [13  8  9 16]]
#############
Step: 137
[[ 1  2  3  4]
 [ 5  6 11 10]
 [12 15  7 14]
 [13  8  9 16]]
#############
Step: 138
[[ 1  2  3  4]
 [ 5  6 11 10]
 [12  7 15 14]
 [13  8  9 16]]
#############
Step: 139
[[ 1  2  3  4]
 [ 5  6 11 10]
 [ 7 12 15 14]
 [13  8  9 16]]
#############
Step: 140
[[ 1  2  3  4]
 [ 5  6 11 10]
 [13 12 15 14]
 [ 7  8  9 16]]
#############
Step: 141
[[ 1  2  3  4]
 [ 5  6 11 10]
 [13 12 15 14]
 [ 8  7  9 16]]
#############
Step: 142
[[ 1  2  3  4]
 [ 5  6 11 10]
 [13 12 15 14]
 [ 8  9  7 16]]
#############
Step: 143
[[ 1  2  3  4]
 [ 5  6 11 10]
 [13 12 15 14]
 [ 8  9 16  7]]
#############
Step: 144
[[ 1  2  3  4]
 [ 5  6 11 10]
 [13 12 15  7]
 [ 8  9 16 14]]
#############
Step: 145
[[ 1  2  3  4]
 [ 5  6 11 10]
 [13 12  7 15]
 [ 8  9 16 14]]
#############
Step: 146
[[ 1  2  3  4]
 [ 5  6 11 10]
 [13  7 12 15]
 [ 8  9 16 14]]
#############
Step: 147
[[ 1  2  3  4]
 [ 5  6 11 10]
 [ 7 13 12 15]
 [ 8  9 16 14]]
#############
Step: 148
[[ 1  2  3  4]
 [ 5  6 11 10]
 [ 8 13 12 15]
 [ 7  9 16 14]]
#############
Step: 149
[[ 1  2  3  4]
 [ 5  6 11 10]
 [ 8 13 12 15]
 [ 9  7 16 14]]
#############
Step: 150
[[ 1  2  3  4]
 [ 5  6 11 10]
 [ 8 13 12 15]
 [ 9 16  7 14]]
#############
Step: 151
[[ 1  2  3  4]
 [ 5  6 11 10]
 [ 8 13 12 15]
 [ 9 16 14  7]]
#############
Step: 152
[[ 1  2  3  4]
 [ 5  6 11 10]
 [ 8 13 12  7]
 [ 9 16 14 15]]
#############
Step: 153
[[ 1  2  3  4]
 [ 5  6 11 10]
 [ 8 13  7 12]
 [ 9 16 14 15]]
#############
Step: 154
[[ 1  2  3  4]
 [ 5  6 11 10]
 [ 8  7 13 12]
 [ 9 16 14 15]]
#############
Step: 155
[[ 1  2  3  4]
 [ 5  6 11 10]
 [ 7  8 13 12]
 [ 9 16 14 15]]
#############
Step: 156
[[ 1  2  3  4]
 [ 5  6 11 10]
 [ 9  8 13 12]
 [ 7 16 14 15]]
#############
Step: 157
[[ 1  2  3  4]
 [ 5  6 11 10]
 [ 8 16 13 12]
 [ 9  7 14 15]]
#############
Step: 158
[[ 1  2  3  4]
 [ 5  6 11 10]
 [ 8 16 13 12]
 [ 9 14  7 15]]
#############
Step: 159
[[ 1  2  3  4]
 [ 5  6 11 10]
 [ 8 16 13 12]
 [ 9 14 15  7]]
#############
Step: 160
[[ 1  2  3  4]
 [ 5  6 11 10]
 [ 8 16 13  7]
 [ 9 14 15 12]]
#############
Step: 161
[[ 1  2  3  4]
 [ 5  6 11 10]
 [ 8 16  7 13]
 [ 9 14 15 12]]
#############
Step: 162
[[ 1  2  3  4]
 [ 5  6 11 10]
 [ 8  7 16 13]
 [ 9 14 15 12]]
#############
Step: 163
[[ 1  2  3  4]
 [ 5  6 11 10]
 [ 7  8 16 13]
 [ 9 14 15 12]]
#############
Step: 164
[[ 1  2  3  4]
 [ 5  6 11 10]
 [ 9  8 16 13]
 [ 7 14 15 12]]
#############
Step: 165
[[ 1  2  3  4]
 [ 5  6 11 10]
 [ 9  8 16 13]
 [14  7 15 12]]
#############
Step: 166
[[ 1  2  3  4]
 [ 5  6 11 10]
 [ 9  8 16 13]
 [14 15  7 12]]
#############
Step: 167
[[ 1  2  3  4]
 [ 5  6 11 10]
 [ 9  8 16 13]
 [14 15 12  7]]
#############
Step: 168
[[ 1  2  3  4]
 [ 5  6 11 10]
 [ 9  8 16  7]
 [14 15 12 13]]
#############
Step: 169
[[ 1  2  3  4]
 [ 5  6 11 10]
 [ 9  8  7 16]
 [14 15 12 13]]
#############
Step: 170
[[ 1  2  3  4]
 [ 5  6 11 10]
 [ 9  7  8 16]
 [14 15 12 13]]
#############
Step: 171
[[ 1  2  3  4]
 [ 5  6 11 10]
 [ 7  9  8 16]
 [14 15 12 13]]
#############
Step: 172
[[ 1  2  3  4]
 [ 5  6 11 10]
 [14  9  8 16]
 [ 7 15 12 13]]
#############
Step: 173
[[ 1  2  3  4]
 [ 5  6 11 10]
 [14  9  8 16]
 [15  7 12 13]]
#############
Step: 174
[[ 1  2  3  4]
 [ 5  6 11 10]
 [14  9  8 16]
 [15 12  7 13]]
#############
Step: 175
[[ 1  2  3  4]
 [ 5  6 11 10]
 [14  9  8 16]
 [15 12 13  7]]
#############
Step: 176
[[ 1  2  3  4]
 [ 5  6 11 10]
 [14  9  8  7]
 [15 12 13 16]]
#############
Step: 177
[[ 1  2  3  4]
 [ 5  6 11 10]
 [14  9  7  8]
 [15 12 13 16]]
#############
Step: 178
[[ 1  2  3  4]
 [ 5  6 11 10]
 [14  7  9  8]
 [15 12 13 16]]
#############
Step: 179
[[ 1  2  3  4]
 [ 5  6 11 10]
 [ 7 14  9  8]
 [15 12 13 16]]
#############
Step: 180
[[ 1  2  3  4]
 [ 5  6 11 10]
 [15 14  9  8]
 [ 7 12 13 16]]
#############
Step: 181
[[ 1  2  3  4]
 [ 5  6 11 10]
 [15 14  9  8]
 [12  7 13 16]]
#############
Step: 182
[[ 1  2  3  4]
 [ 5  6 11 10]
 [15 14  9  8]
 [12 13  7 16]]
#############
Step: 183
[[ 1  2  3  4]
 [ 5  6 11 10]
 [15 14  9  8]
 [12 13 16  7]]
#############
Step: 184
[[ 1  2  3  4]
 [ 5  6 11 10]
 [15 14  9  7]
 [12 13 16  8]]
#############
Step: 185
[[ 1  2  3  4]
 [ 5  6 11  7]
 [15 14  9 10]
 [12 13 16  8]]
#############
Step: 186
[[ 1  2  3  4]
 [ 5  6  7 11]
 [15 14  9 10]
 [12 13 16  8]]
#############
Step: 187
[[ 1  2  3  4]
 [ 5  6  7 11]
 [15 14  9 10]
 [12 13  8 16]]
#############
Step: 188
[[ 1  2  3  4]
 [ 5  6  7 11]
 [15 14  9 10]
 [12  8 13 16]]
#############
Step: 189
[[ 1  2  3  4]
 [ 5  6  7 11]
 [15 14  9 10]
 [ 8 12 13 16]]
#############
Step: 190
[[ 1  2  3  4]
 [ 5  6  7 11]
 [ 8 14  9 10]
 [15 12 13 16]]
#############
Step: 191
[[ 1  2  3  4]
 [ 5  6  7 11]
 [14  8  9 10]
 [15 12 13 16]]
#############
Step: 192
[[ 1  2  3  4]
 [ 5  6  7 11]
 [14  9  8 10]
 [15 12 13 16]]
#############
Step: 193
[[ 1  2  3  4]
 [ 5  6  7 11]
 [14  9 10  8]
 [15 12 13 16]]
#############
Step: 194
[[ 1  2  3  4]
 [ 5  6  7  8]
 [14  9 10 11]
 [15 12 13 16]]
#############
Step: 195
[[ 1  2  3  4]
 [ 5  6  7  8]
 [14 10  9 11]
 [15 12 13 16]]
#############
Step: 196
[[ 1  2  3  4]
 [ 5  6  7  8]
 [14 10 11  9]
 [15 12 13 16]]
#############
Step: 197
[[ 1  2  3  4]
 [ 5  6  7  8]
 [14 10 11 16]
 [15 12 13  9]]
#############
Step: 198
[[ 1  2  3  4]
 [ 5  6  7  8]
 [14 10 11 16]
 [15 12  9 13]]
#############
Step: 199
[[ 1  2  3  4]
 [ 5  6  7  8]
 [14 10 11 16]
 [15  9 12 13]]
#############
Step: 200
[[ 1  2  3  4]
 [ 5  6  7  8]
 [14 10 11 16]
 [ 9 15 12 13]]
#############
Step: 201
[[ 1  2  3  4]
 [ 5  6  7  8]
 [ 9 10 11 16]
 [14 15 12 13]]
#############
Step: 202
[[ 1  2  3  4]
 [ 5  6  7  8]
 [ 9 10 11 16]
 [14 15 13 12]]
#############
Step: 203
[[ 1  2  3  4]
 [ 5  6  7  8]
 [ 9 10 11 12]
 [14 15 13 16]]
#############
Step: 204
[[ 1  2  3  4]
 [ 5  6  7  8]
 [ 9 10 11 12]
 [14 15 16 13]]
#############
Step: 205
[[ 1  2  3  4]
 [ 5  6  7  8]
 [ 9 10 11 12]
 [14 13 15 16]]
#############
Step: 206
[[ 1  2  3  4]
 [ 5  6  7  8]
 [ 9 10 11 12]
 [13 14 15 16]]
#############
